  1091113011
  1091208026
  1100226018
  1100226020
  1100316030
  1100317002
  1100317016
  1100323023
  1100325006
  1100325022
  1100716004
  1100721006
  1100811008
  1101014020
  1101123021
  1101124004
  1101209008
  1110105018
  1110113004
  1110125014
  1110128022
  1110204003
  1110204011
  1110204029
  1110216003
  1110309028
  1110316021
  1110317006
  1110317022
  1110329010
  1120106009
  1120106024
  1120203022
  1120207012
  1120207021
  1120209006
  1120210004
  1120215001
  1120215002
  1120215004
  1120215005
  1120216002
  1120216018
  1120216029
  1120221006
  1120221029
  1120222009
  1120222023
  1120224017
  1120517007
  1120517029
  1120522021
  1120601030
  1120605002
  1120606029
  1120606031
  1120607004
  1120615009
  1120620016
  1120620017
  1120621020
  1120626009
  1120626010
  1120626029
  1120705006
  1120706006
  1120710018
  1120718008
  1120718009
  1120719015
  1120719029
  1120720008
  1120725011
  1120807033
  1120808016
  1120815017
  1120824017
  1120824018
  1120828007
  1120828030
  1120829023
  1120907033
  1120913012
  1120917011
  1120921003
  1140328025
  1140402010
  1140402022
  1140410014
  1140415013
  1140509019
  1140722017
  1140723012
  1140729025
  1140731030
  1140821008
  1140821009
  1150528021
  1150616010
  1150617015
  1150623015
  1150630002
  1150630022
  1150710008
  1150714031
  1150723003
  1150728018
  1150901018
  1150903028
  1160708025
  1160714011
  1160718026
  1160720016
  1160721013
